0.000 -11.335174
0.010 -3.835925
0.020 -21.553296
0.030 -14.591960
0.040 1.408202
0.050 -12.995018
0.060 -3.445311
0.070 -19.734261
0.080 11.032259
0.090 1.101094
0.100 -7.983728
0.110 -12.148318
0.120 18.027022
0.130 15.300238
0.140 -14.096753
0.150 0.610360
0.160 -12.583407
0.170 6.578965
0.180 6.048159
0.190 -1.492120
0.200 4.288431
0.210 3.602906
0.220 -6.358951
0.230 -2.360529
0.240 8.791627
0.250 -2.529368
0.260 1.166254
0.270 4.486388
0.280 -6.646748
0.290 -6.941959
0.300 -3.669406
0.310 10.233540
0.320 -13.240566
0.330 13.725852
0.340 -2.651950
0.350 9.532157
0.360 10.179766
0.370 7.355346
0.380 7.899175
0.390 -0.938483
0.400 1.694251
0.410 -0.671711
0.420 7.193675
0.430 2.963631
0.440 -5.277109
0.450 5.524822
0.460 17.546440
0.470 6.257225
0.480 14.913204
0.490 19.407015
0.500 4.791379
0.510 5.977780
0.520 6.488125
0.530 4.899729
0.540 -21.601095
0.550 6.305115
0.560 2.358687
0.570 9.072319
0.580 15.745305
0.590 -11.597151
0.600 2.703428
0.610 11.350178
0.620 6.452362
0.630 -0.831776
0.640 -0.252318
0.650 -12.837421
0.660 5.329890
0.670 -1.337909
0.680 5.393506
0.690 -2.556410
0.700 -7.511667
0.710 6.747010
0.720 -2.416831
0.730 -7.071186
0.740 -5.271484
0.750 5.624159
0.760 -8.681189
0.770 -10.587372
0.780 7.776111
0.790 -1.745394
0.800 -6.899548
0.810 9.238345
0.820 -11.901339
0.830 -6.908782
0.840 4.956374
0.850 -16.167967
0.860 -7.354527
0.870 4.574433
0.880 -8.016424
0.890 -1.214853
0.900 9.453179
0.910 -1.160526
0.920 10.767142
0.930 -7.620316
0.940 -16.366933
0.950 23.669783
0.960 -14.898691
0.970 -3.042519
0.980 -9.124660
0.990 0.822668
