0.000 -4.721716
0.010 2.262471
0.020 -14.781884
0.030 -6.258323
0.040 15.352872
0.050 -4.886683
0.060 -7.598418
0.070 1.340720
0.080 -7.131557
0.090 -8.308533
0.100 3.701415
0.110 -16.584363
0.120 -4.354887
0.130 7.746072
0.140 -4.758923
0.150 1.773984
0.160 8.419646
0.170 0.810047
0.180 2.852143
0.190 4.287960
0.200 11.010959
0.210 -2.519207
0.220 -5.783235
0.230 -13.598941
0.240 6.137494
0.250 -14.968970
0.260 -14.032603
0.270 4.489140
0.280 2.534829
0.290 9.074842
0.300 -0.475986
0.310 2.565615
0.320 -18.132565
0.330 5.525984
0.340 1.195427
0.350 -12.964136
0.360 -3.354481
0.370 1.088259
0.380 -1.325372
0.390 3.237423
0.400 8.931763
0.410 10.213812
0.420 5.997298
0.430 15.165848
0.440 -9.663289
0.450 -11.816666
0.460 1.709829
0.470 15.749826
0.480 -8.540854
0.490 -2.415208
0.500 3.881873
0.510 -19.915904
0.520 5.056355
0.530 5.968551
0.540 15.266038
0.550 -3.774068
0.560 4.679780
0.570 -7.194101
0.580 10.322784
0.590 7.423501
0.600 4.225990
0.610 -11.300162
0.620 4.336172
0.630 -0.896178
0.640 0.623345
0.650 13.549897
0.660 28.265679
0.670 -14.998656
0.680 5.234849
0.690 10.338455
0.700 6.398045
0.710 10.967452
0.720 9.005291
0.730 16.493953
0.740 9.956039
0.750 -14.298784
0.760 2.055342
0.770 -3.847325
0.780 5.160243
0.790 9.414162
0.800 -1.933178
0.810 -4.191069
0.820 1.480090
0.830 1.125402
0.840 7.854828
0.850 -4.039698
0.860 -1.950948
0.870 8.991328
0.880 -2.301578
0.890 3.087222
0.900 1.972869
0.910 10.643023
0.920 -22.188702
0.930 -8.226011
0.940 -1.226652
0.950 8.084841
0.960 1.713658
0.970 -5.760053
0.980 -5.507988
0.990 -13.969035
