0.000 -20.732749
0.010 -0.335664
0.020 2.545059
0.030 4.096408
0.040 3.005751
0.050 8.094804
0.060 -8.784770
0.070 -0.683581
0.080 2.302109
0.090 -6.633408
0.100 2.892204
0.110 -6.768873
0.120 -0.606933
0.130 8.564593
0.140 2.691898
0.150 -4.064324
0.160 -3.004622
0.170 -4.422918
0.180 -1.123236
0.190 -2.140896
0.200 4.522006
0.210 -3.540609
0.220 -8.026820
0.230 5.676765
0.240 -8.914638
0.250 11.292749
0.260 -0.700683
0.270 -0.154232
0.280 -2.879752
0.290 -1.692067
0.300 0.078612
0.310 -1.432432
0.320 9.149016
0.330 8.334315
0.340 13.757806
0.350 9.939107
0.360 13.622615
0.370 -13.919104
0.380 -5.547927
0.390 -1.912709
0.400 16.189300
0.410 12.268733
0.420 3.965946
0.430 10.604604
0.440 -1.160151
0.450 3.299654
0.460 4.953801
0.470 4.348421
0.480 -2.938294
0.490 8.216361
0.500 3.426693
0.510 3.366450
0.520 -0.480159
0.530 8.939421
0.540 1.265909
0.550 -3.746680
0.560 -1.770336
0.570 -4.467018
0.580 18.213098
0.590 -16.689288
0.600 1.795381
0.610 13.439405
0.620 -0.516986
0.630 9.472151
0.640 2.986223
0.650 -5.147374
0.660 -5.116032
0.670 1.302503
0.680 -6.423747
0.690 8.335303
0.700 -6.202913
0.710 -9.900014
0.720 -0.911873
0.730 -22.783444
0.740 -8.841912
0.750 1.549241
0.760 -17.009209
0.770 1.230228
0.780 -5.199133
0.790 -4.611982
0.800 4.876680
0.810 3.806322
0.820 13.833964
0.830 5.990683
0.840 2.036810
0.850 0.188406
0.860 -8.173494
0.870 -0.540173
0.880 5.385192
0.890 15.814046
0.900 7.725479
0.910 -8.458633
0.920 -6.554323
0.930 -6.827741
0.940 -13.741229
0.950 -10.791974
0.960 7.432380
0.970 7.222295
0.980 10.025094
0.990 3.667346
