0.000 -4.227594
0.010 3.825079
0.020 -17.006057
0.030 3.822805
0.040 3.638756
0.050 3.357391
0.060 2.203545
0.070 2.411780
0.080 -4.938861
0.090 -9.659522
0.100 -8.281647
0.110 -5.506382
0.120 8.467970
0.130 3.781260
0.140 -0.445527
0.150 -6.036075
0.160 -8.782608
0.170 -3.125244
0.180 -3.389001
0.190 2.119158
0.200 -0.680991
0.210 -2.999081
0.220 4.013506
0.230 6.133266
0.240 2.491242
0.250 -6.282550
0.260 11.168035
0.270 -15.596289
0.280 11.245703
0.290 0.403804
0.300 -11.279226
0.310 10.657147
0.320 1.570319
0.330 -9.115198
0.340 4.111000
0.350 8.224389
0.360 -4.286165
0.370 3.871910
0.380 15.701862
0.390 -1.379241
0.400 -1.274356
0.410 -2.032815
0.420 -10.697461
0.430 -10.144279
0.440 -6.207006
0.450 14.418773
0.460 -1.411324
0.470 -10.466460
0.480 1.261743
0.490 3.021586
0.500 4.656304
0.510 4.590152
0.520 2.197663
0.530 8.830205
0.540 7.880540
0.550 12.798433
0.560 4.200507
0.570 18.222328
0.580 -14.033064
0.590 -4.622035
0.600 -0.932093
0.610 -6.367669
0.620 5.552944
0.630 -7.826859
0.640 -2.782001
0.650 3.009943
0.660 -11.699976
0.670 2.123477
0.680 0.069211
0.690 8.284360
0.700 -3.618032
0.710 2.908682
0.720 -2.006889
0.730 18.367783
0.740 -2.248541
0.750 16.252635
0.760 -1.223811
0.770 -6.952914
0.780 4.800216
0.790 -1.588347
0.800 -8.568726
0.810 3.489988
0.820 -11.665159
0.830 -2.164233
0.840 -20.352581
0.850 1.845922
0.860 9.820267
0.870 -2.171945
0.880 -1.990413
0.890 5.274800
0.900 -17.044663
0.910 7.128007
0.920 -11.628065
0.930 3.932961
0.940 2.737789
0.950 -2.730092
0.960 -14.299749
0.970 -13.109866
0.980 -9.528957
0.990 -0.476791
