0.000 -4.470561
0.010 -4.039022
0.020 4.317488
0.030 21.466364
0.040 -16.694129
0.050 1.377479
0.060 -3.136183
0.070 -8.614367
0.080 3.081255
0.090 0.653727
0.100 11.463548
0.110 13.722514
0.120 7.686572
0.130 3.636841
0.140 1.138065
0.150 -11.629193
0.160 12.654570
0.170 -7.171285
0.180 5.256958
0.190 10.597255
0.200 -6.798756
0.210 4.633168
0.220 7.347784
0.230 3.068320
0.240 -14.905631
0.250 -9.335010
0.260 -0.620147
0.270 11.516676
0.280 -6.449902
0.290 -0.692812
0.300 3.118572
0.310 -2.083880
0.320 6.121415
0.330 5.517595
0.340 -1.933851
0.350 -5.837294
0.360 7.635115
0.370 -2.596616
0.380 1.129287
0.390 -9.180943
0.400 -12.860473
0.410 7.283340
0.420 2.589902
0.430 7.072862
0.440 4.526310
0.450 6.364425
0.460 1.702696
0.470 -14.501095
0.480 -0.162712
0.490 -5.064621
0.500 3.240528
0.510 0.353258
0.520 6.984937
0.530 -21.789426
0.540 -0.092316
0.550 4.219374
0.560 -6.143238
0.570 15.716918
0.580 1.014805
0.590 -3.797959
0.600 -1.735496
0.610 -3.150251
0.620 2.771146
0.630 -7.610493
0.640 -5.789528
0.650 -4.313176
0.660 -5.146599
0.670 1.830135
0.680 -5.644321
0.690 -17.201512
0.700 4.826754
0.710 6.473830
0.720 -10.442401
0.730 -8.966061
0.740 -12.149592
0.750 5.727192
0.760 -4.246745
0.770 6.096478
0.780 1.361885
0.790 -4.466220
0.800 3.097173
0.810 -5.077652
0.820 -10.176389
0.830 0.878300
0.840 1.550593
0.850 -9.052747
0.860 -4.212822
0.870 -13.495116
0.880 2.018716
0.890 -2.631318
0.900 -0.984775
0.910 -1.829507
0.920 7.532257
0.930 -6.540177
0.940 -9.708663
0.950 8.688870
0.960 -10.827088
0.970 -1.627107
0.980 -4.322486
0.990 -1.927226
