0.000000000000000000e+00 -6.228630263177275736e-03
1.000000000000000021e-02 -1.615306862945351191e-03
2.000000000000000042e-02 1.361349764196398849e-03
2.999999999999999889e-02 -2.146861185584721977e-03
4.000000000000000083e-02 -2.014610524785174909e-04
5.000000000000000278e-02 2.750519316503522577e-02
5.999999999999999778e-02 -5.315269337931504030e-03
7.000000000000000666e-02 7.319620966553318057e-05
8.000000000000000167e-02 2.701282612994248839e-03
8.999999999999999667e-02 -4.803923958931461888e-03
1.000000000000000056e-01 1.787174673451704526e-02
1.100000000000000006e-01 -7.553878143803843814e-03
1.199999999999999956e-01 -1.350014233684477226e-02
1.300000000000000044e-01 1.039842493178344974e-03
1.400000000000000133e-01 2.418688506026805268e-02
1.499999999999999944e-01 -2.490123133607698158e-03
1.600000000000000033e-01 2.710448739312650013e-02
1.700000000000000122e-01 3.632170091959315700e-03
1.799999999999999933e-01 3.795982012866221805e-02
1.900000000000000022e-01 1.189104546156388720e-02
2.000000000000000111e-01 4.572083169275761166e-02
2.099999999999999922e-01 5.488188687326216175e-02
2.200000000000000011e-01 7.474275864868132335e-02
2.300000000000000100e-01 1.118526829885279766e-01
2.399999999999999911e-01 1.185746372746516175e-01
2.500000000000000000e-01 1.586724355229840455e-01
2.600000000000000089e-01 2.133419579989268844e-01
2.700000000000000178e-01 3.058468683024337387e-01
2.800000000000000266e-01 3.629155080002442468e-01
2.899999999999999800e-01 4.509898514616651477e-01
2.999999999999999889e-01 5.313321063910039221e-01
3.099999999999999978e-01 6.590940267417458864e-01
3.200000000000000067e-01 8.036686693004325699e-01
3.300000000000000155e-01 9.415123954484019286e-01
3.400000000000000244e-01 1.106809953964874360e+00
3.500000000000000333e-01 1.282494908483068796e+00
3.599999999999999867e-01 1.495081603367999890e+00
3.699999999999999956e-01 1.728442459679849108e+00
3.800000000000000044e-01 1.944754054707538371e+00
3.900000000000000133e-01 2.175039973001465121e+00
4.000000000000000222e-01 2.412083972412888855e+00
4.100000000000000311e-01 2.666264065790713289e+00
4.199999999999999845e-01 2.901504862669816553e+00
4.299999999999999933e-01 3.150553446954880599e+00
4.400000000000000022e-01 3.310761394751569942e+00
4.500000000000000111e-01 3.538773070858230785e+00
4.600000000000000200e-01 3.703503907279646512e+00
4.700000000000000289e-01 3.825413708560540194e+00
4.799999999999999822e-01 3.921073107255294232e+00
4.899999999999999911e-01 3.967707167365682519e+00
5.000000000000000000e-01 3.981727040997221856e+00
5.100000000000000089e-01 3.972998770721049233e+00
5.200000000000000178e-01 3.900696604968762582e+00
5.300000000000000266e-01 3.827220760203360328e+00
5.400000000000000355e-01 3.667084311098324001e+00
5.500000000000000444e-01 3.523670292826225570e+00
5.600000000000000533e-01 3.330688068660000223e+00
5.700000000000000622e-01 3.106375482359216900e+00
5.799999999999999600e-01 2.890301643311852242e+00
5.899999999999999689e-01 2.666083652135235571e+00
5.999999999999999778e-01 2.432000156257448253e+00
6.099999999999999867e-01 2.179472153373600118e+00
6.199999999999999956e-01 1.964078594732309169e+00
6.300000000000000044e-01 1.705096100991054575e+00
6.400000000000000133e-01 1.483632109362259088e+00
6.500000000000000222e-01 1.290744564185835053e+00
6.600000000000000311e-01 1.091646546922274252e+00
6.700000000000000400e-01 9.466902400293626396e-01
6.800000000000000488e-01 8.011845338935132954e-01
6.900000000000000577e-01 6.585942225659723315e-01
7.000000000000000666e-01 5.524772323778179839e-01
7.099999999999999645e-01 4.411759042258222019e-01
7.199999999999999734e-01 3.418488116890922024e-01
7.299999999999999822e-01 2.846259761037438496e-01
7.399999999999999911e-01 2.110712848596765778e-01
7.500000000000000000e-01 1.676825897409317534e-01
7.600000000000000089e-01 1.287956711018981570e-01
7.700000000000000178e-01 1.027456749778058592e-01
7.800000000000000266e-01 9.219795513127992947e-02
7.900000000000000355e-01 7.024229968808112790e-02
8.000000000000000444e-01 5.131614554528324962e-02
8.100000000000000533e-01 2.074794180158738566e-02
8.200000000000000622e-01 4.040644194758660074e-03
8.300000000000000711e-01 2.248266959152625880e-02
8.399999999999999689e-01 2.547980178089005385e-02
8.499999999999999778e-01 1.088717003720925808e-02
8.599999999999999867e-01 -1.566424712189622148e-02
8.699999999999999956e-01 -1.543163595046471472e-03
8.800000000000000044e-01 -3.069812505481916195e-03
8.900000000000000133e-01 -1.924969285951909619e-03
9.000000000000000222e-01 1.418174931589862194e-02
9.100000000000000311e-01 2.051452045484355655e-02
9.200000000000000400e-01 -7.245234213010215071e-03
9.300000000000000488e-01 -5.317650963967530953e-03
9.400000000000000577e-01 6.394529332623078745e-03
9.500000000000000666e-01 1.692159082496749734e-02
9.599999999999999645e-01 -1.487276526871819313e-02
9.699999999999999734e-01 1.798253585064502752e-02
9.799999999999999822e-01 -1.066816723427174338e-04
9.899999999999999911e-01 6.433721872047686550e-03
