0.000000000000000000e+00 -8.740677432092057095e-03
1.000000000000000021e-02 -1.628934149446683091e-02
2.000000000000000042e-02 -1.820636299546627909e-02
2.999999999999999889e-02 2.740037252852627146e-03
4.000000000000000083e-02 -6.609343362393836239e-04
5.000000000000000278e-02 2.618277202111194335e-04
5.999999999999999778e-02 9.508482607035465689e-03
7.000000000000000666e-02 2.407719485734425083e-02
8.000000000000000167e-02 -1.089452517864365581e-02
8.999999999999999667e-02 -5.242357641413980095e-04
1.000000000000000056e-01 -1.183521391112246635e-02
1.100000000000000006e-01 3.403795553586873648e-03
1.199999999999999956e-01 -1.621116301208905177e-03
1.300000000000000044e-01 3.617111925364453577e-03
1.400000000000000133e-01 1.358890827193109420e-02
1.499999999999999944e-01 9.430993726303689428e-03
1.600000000000000033e-01 1.009295720341470831e-03
1.700000000000000122e-01 2.711979154320782320e-02
1.799999999999999933e-01 3.095391738152378919e-02
1.900000000000000022e-01 2.947167218255995064e-02
2.000000000000000111e-01 4.541522805054427209e-02
2.099999999999999922e-01 7.768405924539351082e-02
2.200000000000000011e-01 9.677658660781754407e-02
2.300000000000000100e-01 9.401546968252288972e-02
2.399999999999999911e-01 1.351344259779336809e-01
2.500000000000000000e-01 1.818434714676678554e-01
2.600000000000000089e-01 2.133252954612046559e-01
2.700000000000000178e-01 2.946428352092569924e-01
2.800000000000000266e-01 3.501134064606675755e-01
2.899999999999999800e-01 4.418129033094223557e-01
2.999999999999999889e-01 5.567661095666950333e-01
3.099999999999999978e-01 6.562799109110875051e-01
3.200000000000000067e-01 7.990129675838553158e-01
3.300000000000000155e-01 9.387163458003466854e-01
3.400000000000000244e-01 1.095500049340657478e+00
3.500000000000000333e-01 1.306839495379272797e+00
3.599999999999999867e-01 1.505448618630245150e+00
3.699999999999999956e-01 1.707235183588381444e+00
3.800000000000000044e-01 1.937871052053314225e+00
3.900000000000000133e-01 2.176721855549271556e+00
4.000000000000000222e-01 2.417413781802509654e+00
4.100000000000000311e-01 2.651558712695586628e+00
4.199999999999999845e-01 2.888176304544372464e+00
4.299999999999999933e-01 3.140013184923913681e+00
4.400000000000000022e-01 3.337717469865601139e+00
4.500000000000000111e-01 3.527873667976576755e+00
4.600000000000000200e-01 3.676116044691553064e+00
4.700000000000000289e-01 3.816396394117633317e+00
4.799999999999999822e-01 3.908787045225309953e+00
4.899999999999999911e-01 3.981458112840696284e+00
5.000000000000000000e-01 3.986595265499691898e+00
5.100000000000000089e-01 3.977539192164473825e+00
5.200000000000000178e-01 3.899597844020457948e+00
5.300000000000000266e-01 3.828211588954827604e+00
5.400000000000000355e-01 3.659772641674604365e+00
5.500000000000000444e-01 3.529837782340727870e+00
5.600000000000000533e-01 3.333926371608726846e+00
5.700000000000000622e-01 3.140656903081620044e+00
5.799999999999999600e-01 2.905645451878835495e+00
5.899999999999999689e-01 2.660804709276097135e+00
5.999999999999999778e-01 2.420054572512377433e+00
6.099999999999999867e-01 2.181154488051334273e+00
6.199999999999999956e-01 1.937568223889009955e+00
6.300000000000000044e-01 1.730218362137662114e+00
6.400000000000000133e-01 1.498254065640248101e+00
6.500000000000000222e-01 1.294375631689641981e+00
6.600000000000000311e-01 1.098881515197278613e+00
6.700000000000000400e-01 9.467531742428181296e-01
6.800000000000000488e-01 7.951492896982426117e-01
6.900000000000000577e-01 6.559897128442503389e-01
7.000000000000000666e-01 5.419756805278144185e-01
7.099999999999999645e-01 4.439434967134160970e-01
7.199999999999999734e-01 3.556547819712534420e-01
7.299999999999999822e-01 2.852435109388516410e-01
7.399999999999999911e-01 2.307570805829420313e-01
7.500000000000000000e-01 1.706842512476513529e-01
7.600000000000000089e-01 1.278298194617267791e-01
7.700000000000000178e-01 9.787419905300695500e-02
7.800000000000000266e-01 8.196054395098902046e-02
7.900000000000000355e-01 6.426413577337176941e-02
8.000000000000000444e-01 3.252646075451409713e-02
8.100000000000000533e-01 2.758812157409063978e-02
8.200000000000000622e-01 2.574500679986339857e-02
8.300000000000000711e-01 1.852653878244959681e-02
8.399999999999999689e-01 1.168417942414990904e-02
8.499999999999999778e-01 6.421087843687764418e-03
8.599999999999999867e-01 -1.659423382129166999e-03
8.699999999999999956e-01 4.324395093558862022e-04
8.800000000000000044e-01 1.882220257435524360e-02
8.900000000000000133e-01 3.264707462989136118e-03
9.000000000000000222e-01 2.315270239535094018e-02
9.100000000000000311e-01 -1.775608428002257641e-02
9.200000000000000400e-01 1.573251865524188942e-02
9.300000000000000488e-01 1.493513329507708751e-02
9.400000000000000577e-01 -2.327227269716630395e-02
9.500000000000000666e-01 -2.935425786213054049e-03
9.599999999999999645e-01 -2.947157564629908529e-03
9.699999999999999734e-01 6.352158192696051066e-03
9.799999999999999822e-01 5.434335168259931369e-03
9.899999999999999911e-01 -1.787145606384372368e-03
